16
2
2
2

0.000d+000
0.000d+000
0.700d+00
0.000d+000
0.000d+000
-0.700d+00


1.0
1.0 

0.5
0.5
0.5
0.5
0.5
0.5
0.5
0.5
0.5
0.5
0.5
0.5
0.5
0.5
0.5
0.5
 
18.73113696d+00
0.0d+00
18.73113696d+00
0.0d+00
0.0d+00
0.700d+00
0.0d+00
0.0d+00
-0.700d+00
18.73113696d+00
0.0d+00
2.825394365d+00
0.0d+00
0.0d+00
0.700d+00
0.0d+00
0.0d+00
-0.700d+00
18.73113696d+00
0.0d+00
0.6401216923d+00
0.0d+00
0.0d+00
0.700d+00
0.0d+00
0.0d+00
-0.700d+00
18.73113696d+00
0.0d+00
0.1612777588d+00
0.0d+00
0.0d+00
0.700d+00
0.0d+00
0.0d+00
-0.700d+00

2.825394365d+00
0.0d+00
18.73113696d+00
0.0d+00
0.0d+00
0.700d+00
0.0d+00
0.0d+00
-0.700d+00
2.825394365d+00
0.0d+00
2.825394365d+00
0.0d+00
0.0d+00
0.700d+00
0.0d+00
0.0d+00
-0.700d+00
2.825394365d+00
0.0d+00
0.6401216923d+00
0.0d+00
0.0d+00
0.700d+00
0.0d+00
0.0d+00
-0.700d+00
2.825394365d+00
0.0d+00
0.1612777588d+00
0.0d+00
0.0d+00
0.700d+00
0.0d+00
0.0d+00
-0.700d+00

0.6401216923d+00
0.0d+00
18.73113696d+00
0.0d+00
0.0d+00
0.700d+00
0.0d+00
0.0d+00
-0.700d+00
0.6401216923d+00
0.0d+00
2.825394365d+00
0.0d+00
0.0d+00
0.700d+00
0.0d+00
0.0d+00
-0.700d+00
0.6401216923d+00
0.0d+00
0.6401216923d+00
0.0d+00
0.0d+00
0.700d+00
0.0d+00
0.0d+00
-0.700d+00
0.6401216923d+00
0.0d+00
0.1612777588d+00
0.0d+00
0.0d+00
0.700d+00
0.0d+00
0.0d+00
-0.700d+00

0.1612777588d+00
0.0d+00
18.73113696d+00
0.0d+00
0.0d+00
0.700d+00
0.0d+00
0.0d+00
-0.700d+00
0.1612777588d+00
0.0d+00
2.825394365d+00
0.0d+00
0.0d+00
0.700d+00
0.0d+00
0.0d+00
-0.700d+00
0.1612777588d+00
0.0d+00
0.6401216923d+00
0.0d+00
0.0d+00
0.700d+00
0.0d+00
0.0d+00
-0.700d+00
0.1612777588d+00
0.0d+00
0.1612777588d+00
0.0d+00
0.0d+00
0.700d+00
0.0d+00
0.0d+00
-0.700d+00

2.0d+00
2.0d+00


1.0 0.0 
0.0 1.0

0.0 1.0
1.0 0.0



 1.0 0.0 0.0 0.0 0.0 0.0 
 0.0 1.0 0.0 0.0 0.0 0.0
 0.0 0.0 1.0 0.0 0.0 0.0
 0.0 0.0 0.0 1.0 0.0 0.0
 0.0 0.0 0.0 0.0 1.0 0.0
 0.0 0.0 0.0 0.0 0.0 1.0



 0.0 0.0 0.0 1.0 0.0 0.0 
 0.0 0.0 0.0 0.0 1.0 0.0
 0.0 0.0 0.0 0.0 0.0 1.0
 1.0 0.0 0.0 0.0 0.0 0.0
 0.0 1.0 0.0 0.0 0.0 0.0
 0.0 0.0 1.0 0.0 0.0 0.0
